euler_angles_xyz: [-120.20275, 0.0744, -91.79831]
matrix: [[-0.03138, -0.50278, 0.86385, 119.61536], [-0.99951, 0.01691, -0.02647, 2.27759],
  [-0.0013, -0.86425, -0.50306, 205.82016], [0.0, 0.0, 0.0, 1.0]]
