[[ -0.07236694, -0.79877335,  0.59726389,155.87266455],
 [ -0.99732509,  0.05178126, -0.05158837,  6.1211188 ],
 [  0.01028033, -0.59939956, -0.80038396,156.72426378],
 [  0.        ,  0.        ,  0.        ,  1.        ]]

-20度
cv欧拉角xyz(度): [-143.17082637   -0.58903005  -94.15016731]
机器人中心坐标系RT [[ -0.07236694, -0.79877335,  0.59726389,155.87266455],
 [ -0.99732509,  0.05178126, -0.05158837,  6.1211188 ],
 [  0.01028033, -0.59939956, -0.80038396,156.72426378],
 [  0.        ,  0.        ,  0.        ,  1.        ]]

 0度
cv欧拉角xyz(度): [-125.50077896   -0.68234046  -93.96197957]
机器人中心坐标系RT [[ -0.06908959, -0.57999606,  0.81168417,148.03419108],
 [ -0.99753938,  0.03045226, -0.06314944,  8.73500416],
 [  0.01190881, -0.81404989, -0.58067284,197.45431455],
 [  0.        ,  0.        ,  0.        ,  1.        ]]